import numpy as np
import math

mdm2CM = [[0.947105323949811, -0.09389183834201564, -0.3068808042851169], [0.17518596342413423, 0.9524612302570556, 0.24925385268110511], [0.2688891659496182, -0.28983086024433785, 0.9185296341898532]]
systCM = [[0.9999999999999991, 1.5647626879063295e-8, 3.898277212079775e-8], [-1.5647623952753635e-8, 0.9999999999999971, -7.506674015382415e-8], [-3.8982773295414165e-8, 7.506673954383634e-8, 0.9999999999999964]]

mdm2CM2 = [[0.907064598751421, 0.28819784527537984, -0.3068807841337605], [-0.2156442439866828, 0.9441239613226379, 0.2492538980474775], [0.36156793791393543, -0.15991231233109757 ,0.9185296286117209]]

CM2 = [[0.9663217807058745, -0.2569248092467431, -0.014555360763387993],[0.2562452601605994, 0.9658866598989773, -0.03743430077381348],[0.023676629376970695, 0.032443837977685006, 0.9991930817407731]]


teste = [CM2[2][0] - systCM[2][0] ,  CM2[2][1] - systCM[2][1], CM2[2][2]-systCM[2][2]]

angle = math.acos(np.dot(teste, systCM[2]) / (np.linalg.norm(teste) * np.linalg.norm(systCM[2])))


# project = np.dot(mdm2CM2[2], systCM[2]) / (np.linalg.norm(mdm2CM2[2])**2)

# np.put(np.asarray(mdm2CM2[2]), [0, 1, 2], [mdm2CM2[2][0]*project, mdm2CM2[2][1]*project, mdm2CM2[2][2]*project])

# angle = math.degrees(math.acos(np.dot(mdm2CM2[2], systCM[2]) / (np.linalg.norm(mdm2CM2[2]) * np.linalg.norm(systCM[2]))))
print angle
print(math.degrees(angle))

